#group,false,false,false,false,false,false,false,false,false
#datatype,string,long,dateTime:RFC3339,double,double,double,double,double,double
#default,result,,,,,,,,
,result,table,date,now,open,high,low,volume,difference
,,0,2021-04-15T20:50:00Z,15.26825,15.24620,15.28160,15.23575,0,0,39
,,0,2021-04-14T20:50:00Z,15.20915,15.25359,15.25592,15.19151,66.67,-0.17
,,0,2021-04-13T20:50:00Z,15.23436,15.24462,15.28165,15.18495,62.44,0.13
,,0,2021-04-12T20:50:00Z,15.21500,15.23885,15.27533,15.21224,53.65,-0.13
,,0,2021-04-09T20:50:00Z,15.23416,15.19814,15.24356,15.15721,56.87,0.21
,,0,2021-04-08T20:50:00Z,15.202,68,15.23644,15.24778,15.14411,68.86,0.17
,,0,2021-04-07T20:50:00Z,15.17636,15.22123,15.24273,15.16028,59.12,-0.24
,,0,2021-04-06T20:50:00Z,15.21268,15.28997,15.31186,15.20990,79.48,0.70
,,0,2021-04-01T20:50:00Z,15.10717,15.05377,15.11092,15.03252,67.89,0.66
,,0,2021-03-31T20:50:00Z,15.00834,14.98212,15.02649,14.97359,76.06,-0.00
,,0,2021-03-30T20:50:00Z,15.00861,14.89766,15.02970,14.890.28,71.17,1.29
,,0,2021-03-29T20:50:00Z,14.81772,14.80980,14.84542,14.75604,71.11,0.47
,,0,2021-03-26T20:50:00Z,14.74894,14.71459,14.77632,14.69394,67.17,0.87
,,0,2021-03-25T20:50:00Z,14.62136,14.55040,14.62136,14.42265,80.10,0.08
,,0,2021-03-24T20:50:00Z,14.61039,14.54358,14.61904,14.52312,65.08,-0.35
,,0,2021-03-23T20:50:00Z,14.66202,14.58207,14.70737,14.51622,73.30,0.03
,,0,2021-03-22T20:50:00Z,14.65721,14.55117,14.67712,14.53927,66.13,0.25
,,0,2021-03-19T20:50:00Z,14.62100,14.69726,14.74756,14.56321,207.44,-1.05
,,0,2021-03-18T20:50:00Z,14.77552,14.67372,14.80401,14.66995,104.69,1.23
,,0,2021-03-17T20:50:00Z,14.59661,14.56529,14.60163,14.53970,75.96,0.27
,,0,2021-03-16T20:50:00Z,14.55758,14.51972,14.60179,14.51130,71.43,0.66
,,0,2021-03-15T20:50:00Z,14.46142,14.50449,14.57224,14.40935,62.77,-0.28
,,0,2021-03-12T20:50:00Z,14.50239,14.49245,14.52742,14.45072,69.10,-0.46
,,0,2021-03-11T20:50:00Z,14.56939,14.55354,14.59502,14.51507,74.07,0.20
,,0,2021-03-10T20:50:00Z,14.54025,14.43945,14.56097,14.40852,95.72,0.71
,,0,2021-03-09T20:50:00Z,14.43794,14.34551,14.47565,14.30935,107.88,0.40
,,0,2021-03-08T20:50:00Z,14.38091,14.02457,14.40292,13.97713,109.07,3.31
,,0,2021-03-05T20:50:00Z,13.92069,13.95854,14.06803,13.86820,89.79,-0.97
,,0,2021-03-04T20:50:00Z,14.05634,14.01544,14.09581,13.95927,84.62,-0.17
,,0,2021-03-03T20:50:00Z,14.08003,14.13086,14.19749,13.97973,84.77,0.29
,,0,2021-03-02T20:50:00Z,14.03980,13.96207,14.10179,13.96162,63.31,0.19
,,0,2021-03-01T20:50:00Z,14.01282,13.96243,14.02202,13.87383,69.57,1.64
,,0,2021-02-26T20:50:00Z,13.78629,13.68580,13.88126,13.67307,104.07,-0.67
,,0,2021-02-25T20:50:00Z,13.87933,14.04502,14.05101,13.87917,95.43,-0.69
,,0,2021-02-24T20:50:00Z,13.97600,13.85585,13.99830,13.85585,68.92,0.80
,,0,2021-02-23T20:50:00Z,13.86481,13.98498,13.98924,13.66471,88.19,-0.61
,,0,2021-02-22T20:50:00Z,13.95004,13.85856,13.97508,13.80255,66.04,-0.31
,,0,2021-02-19T20:50:00Z,13.99323,13.94140,14.02618,13.89272,72.97,0.77
,,0,2021-02-18T20:50:00Z,13.88693,13.92684,13.96105,13.85377,67.92,-0.16
,,0,2021-02-17T20:50:00Z,13.90927,14.02810,14.03695,13.89406,81.27,-1.10
,,0,2021-02-16T20:50:00Z,14.06460,14.10513,14.13074,14.04998,58.66,-0.32
,,0,2021-02-15T20:50:00Z,14.10948,14.10907,14.13121,14.07425,49.90,0.42
,,0,2021-02-12T20:50:00Z,14.04989,13.97613,14.05096,13.91673,57.70,0.06
,,0,2021-02-11T20:50:00Z,14.04091,13.95839,14.05306,13.91663,53.85,0.77
,,0,2021-02-10T20:50:00Z,13.93297,14.06312,14.06312,13.83012,67.41,-0.56
,,0,2021-02-09T20:50:00Z,14.01180,14.05560,14.06161,13.96214,58.41,-0.34
